0 636 0.24 0.8 0 0 1 1 0.24 0
1 114 0.01 0.8 0 0 1 1 0.01 0
2 296 0.09 0.8 1 0 0 1 0.09 0
3 620 0.1 0.8 0 1 0 14 0.21 0
4 824 0.13 0.8 1 0 0 3 0.13 0
5 290 0.22 0.8 0 1 0 13 0.47 0
6 650 0.28 0.8 0 1 0 15 0.58 0
7 638 0.25 0.8 0 0 1 1 0.25 0
8 354 0.03 0.8 1 0 0 1 0.03 0
9 426 0.08 0.8 1 0 0 1 0.08 0
10 964 0.19 0.8 0 1 0 14 0.34 0
11 922 0.08 0.8 0 0 1 1 0.08 0
12 478 0.21 0.8 0 0 1 1 0.21 0
13 794 0.18 0.8 0 1 0 16 0.33 0
14 900 0.06 0.8 0 1 0 11 0.13 0
15 528 0.08 0.8 0 1 0 12 0.17 0
16 734 0.25 0.8 0 1 0 18 0.5 0
17 308 0.14 0.8 1 0 0 1 0.14 0
18 342 0.02 0.8 0 0 1 1 0.02 0
19 590 0.27 0.8 0 1 0 15 0.48 0
20 976 0.21 0.8 0 0 1 1 0.21 0
21 356 0.02 0.8 1 0 0 1 0.02 0
22 236 0.0 0.8 0 1 0 1 0.0 0
23 776 0.16 0.8 0 0 1 1 0.16 0
24 900 0.1 0.8 0 1 0 16 0.21 0
25 248 0.06 0.8 0 1 0 10 0.14 0
26 610 0.11 0.8 0 1 0 23 0.25 0
27 590 0.06 0.8 0 0 1 1 0.06 0
28 696 0.04 0.8 0 1 0 7 0.06 0
29 116 0.25 0.8 1 0 0 2 0.26 0
30 612 0.29 0.8 1 0 0 9 1.04 1
31 610 0.12 0.8 0 1 0 14 0.24 0
32 220 0.26 0.8 0 1 0 13 0.5 0
33 272 0.23 0.8 0 1 0 11 0.47 0
34 420 0.15 0.8 0 1 0 9 0.26 0
35 714 0.29 0.8 0 1 0 17 0.59 0
36 190 0.07 0.8 0 1 0 3 0.08 0
37 440 0.04 0.8 0 1 0 7 0.08 0
38 826 0.12 0.8 0 1 0 15 0.22 0
39 932 0.25 0.8 1 0 0 10 0.29 0
40 808 0.12 0.8 0 0 1 1 0.12 0
41 432 0.29 0.8 0 1 0 12 0.57 0
42 580 0.02 0.8 1 0 0 1 0.02 0
43 932 0.28 0.8 0 1 0 21 0.54 0
44 884 0.0 0.8 0 0 1 1 0.0 0
45 750 0.06 0.8 0 0 1 1 0.06 0
46 708 0.22 0.8 0 0 1 1 0.22 0
47 700 0.07 0.8 0 1 0 10 0.12 0
48 706 0.25 0.8 0 1 0 14 0.55 0
49 116 0.06 0.8 0 1 0 5 0.1 0
50 522 0.19 0.8 0 1 0 16 0.37 0
51 330 0.02 0.8 1 0 0 1 0.02 0
52 662 0.15 0.8 0 0 1 1 0.15 0
53 328 0.19 0.8 0 1 0 11 0.38 0
54 590 0.04 0.8 0 1 0 9 0.08 0
55 676 0.2 0.8 0 0 1 1 0.2 0
56 372 0.29 0.8 0 0 1 1 0.29 0
57 204 0.28 0.8 1 0 0 10 0.94 1
58 204 0.0 0.8 1 0 0 1 0.0 0
59 970 0.23 0.8 1 0 0 6 0.25 0
60 808 0.17 0.8 1 0 0 1 0.17 0
61 920 0.18 0.8 1 0 0 3 0.18 0
62 322 0.28 0.8 1 0 0 8 1.02 1
63 532 0.06 0.8 0 1 0 9 0.11 0
64 258 0.1 0.8 0 1 0 9 0.2 0
65 986 0.07 0.8 0 1 0 10 0.13 0
66 512 0.11 0.8 0 1 0 16 0.24 0
67 130 0.26 0.8 0 1 0 14 0.58 0
68 536 0.07 0.8 1 0 0 1 0.07 0
69 630 0.25 0.8 0 1 0 14 0.52 0
70 676 0.17 0.8 1 0 0 3 0.17 0
71 660 0.06 0.8 0 1 0 10 0.1 0
72 884 0.01 0.8 1 0 0 1 0.01 0
73 154 0.24 0.8 0 1 0 13 0.57 0
74 588 0.13 0.8 0 1 0 13 0.22 0
75 186 0.13 0.8 1 0 0 2 0.14 0
76 824 0.22 0.8 0 1 0 15 0.45 0
77 956 0.02 0.8 0 1 0 11 0.04 0
78 764 0.23 0.8 1 0 0 8 0.25 0
79 940 0.05 0.8 1 0 0 1 0.05 0
80 590 0.23 0.8 0 0 1 1 0.23 0
81 764 0.14 0.8 0 1 0 13 0.26 0
82 886 0.22 0.8 0 1 0 17 0.44 0
83 366 0.11 0.8 1 0 0 1 0.11 0
84 956 0.06 0.8 0 0 1 1 0.06 0
85 206 0.05 0.8 0 1 0 6 0.11 0
86 412 0.2 0.8 0 1 0 16 0.47 0
87 186 0.19 0.8 0 1 0 11 0.31 0
88 824 0.25 0.8 0 1 0 16 0.47 0
89 456 0.09 0.8 1 0 0 1 0.09 0
90 768 0.13 0.8 1 0 0 1 0.13 0
91 588 0.13 0.8 0 1 0 13 0.25 0
92 694 0.06 0.8 0 1 0 12 0.14 0
93 216 0.29 0.8 0 1 0 15 0.57 0
94 808 0.3 0.8 0 1 0 17 0.59 0
95 402 0.12 0.8 1 0 0 1 0.12 0
96 952 0.08 0.8 0 1 0 13 0.16 0
97 708 0.24 0.8 1 0 0 7 0.27 0
98 934 0.15 0.8 0 1 0 11 0.3 0
99 988 0.23 0.8 0 1 0 15 0.44 0
100 756 0.26 0.8 0 1 0 21 0.52 0
101 896 0.12 0.8 0 1 0 10 0.21 0
102 132 0.02 0.8 0 0 1 1 0.02 0
103 840 0.12 0.8 1 0 0 1 0.12 0
104 672 0.27 0.8 0 1 0 14 0.51 0
105 858 0.04 0.8 1 0 0 1 0.04 0
106 292 0.19 0.8 0 1 0 13 0.35 0
107 324 0.2 0.8 0 0 1 1 0.2 0
108 486 0.26 0.8 0 0 1 1 0.26 0
109 978 0.09 0.8 0 0 1 1 0.09 0
110 792 0.06 0.8 1 0 0 1 0.06 0
111 800 0.06 0.8 1 0 0 1 0.06 0
112 878 0.23 0.8 0 1 0 15 0.44 0
113 772 0.24 0.8 0 0 1 1 0.24 0
114 132 0.26 0.8 0 0 1 1 0.26 0
115 434 0.2 0.8 0 1 0 10 0.41 0
116 982 0.17 0.8 1 0 0 3 0.17 0
117 872 0.16 0.8 0 0 1 1 0.16 0
118 780 0.17 0.8 1 0 0 4 0.17 0
119 666 0.03 0.8 0 1 0 7 0.05 0
120 490 0.03 0.8 0 1 0 10 0.06 0
121 636 0.22 0.8 0 0 1 1 0.22 0
122 992 0.21 0.8 0 0 1 1 0.21 0
123 278 0.2 0.8 0 0 1 1 0.2 0
124 604 0.1 0.8 1 0 0 1 0.1 0
125 236 0.26 0.8 0 1 0 16 0.55 0
126 750 0.02 0.8 0 1 0 9 0.04 0
127 836 0.22 0.8 0 1 0 15 0.45 0
128 454 0.24 0.8 0 0 1 1 0.24 0
129 874 0.05 0.8 1 0 0 1 0.05 0
130 590 0.06 0.8 0 1 0 12 0.12 0
131 166 0.03 0.8 0 0 1 1 0.03 0
132 532 0.07 0.8 0 1 0 17 0.15 0
133 500 0.21 0.8 0 0 1 1 0.21 0
134 988 0.18 0.8 0 1 0 14 0.3 0
135 588 0.14 0.8 0 0 1 1 0.14 0
136 404 0.26 0.8 1 0 0 9 0.3 0
137 264 0.04 0.8 0 1 0 7 0.09 0
138 650 0.23 0.8 0 0 1 1 0.23 0
139 382 0.04 0.8 0 1 0 4 0.05 0
140 478 0.13 0.8 0 1 0 11 0.22 0
141 218 0.22 0.8 0 0 1 1 0.22 0
142 916 0.16 0.8 0 0 1 1 0.16 0
143 786 0.13 0.8 0 1 0 12 0.24 0
144 908 0.23 0.8 0 0 1 1 0.23 0
145 106 0.15 0.8 0 1 0 20 0.48 0
146 424 0.29 0.8 1 0 0 9 1.02 1
147 730 0.21 0.8 0 1 0 17 0.44 0
148 584 0.15 0.8 0 0 1 1 0.15 0
149 222 0.3 0.8 1 0 0 7 1.03 1
150 766 0.29 0.8 0 1 0 16 0.58 0
151 972 0.24 0.8 1 0 0 12 0.27 0
152 204 0.14 0.8 0 0 1 1 0.14 0
153 100 0.03 0.8 1 0 0 1 0.03 0
154 132 0.06 0.8 0 1 0 15 0.19 0
155 828 0.22 0.8 0 0 1 1 0.22 0
156 948 0.15 0.8 0 1 0 18 0.32 0
157 336 0.03 0.8 1 0 0 1 0.03 0
158 512 0.2 0.8 1 0 0 3 0.21 0
159 574 0.28 0.8 0 1 0 15 0.59 0
160 806 0.17 0.8 0 1 0 14 0.35 0
161 882 0.12 0.8 0 0 1 1 0.12 0
162 786 0.18 0.8 1 0 0 4 0.19 0
163 544 0.25 0.8 0 0 1 1 0.25 0
164 882 0.08 0.8 0 1 0 12 0.16 0
165 986 0.13 0.8 1 0 0 1 0.13 0
166 254 0.1 0.8 0 1 0 9 0.17 0
167 690 0.22 0.8 0 1 0 17 0.46 0
168 712 0.06 0.8 0 1 0 13 0.13 0
169 502 0.08 0.8 0 1 0 8 0.11 0
170 740 0.2 0.8 0 1 0 14 0.39 0
171 286 0.12 0.8 0 1 0 13 0.26 0
172 116 0.29 0.8 1 0 0 8 0.91 1
173 206 0.21 0.8 1 0 0 2 0.21 0
174 670 0.13 0.8 0 1 0 14 0.28 0
175 928 0.16 0.8 0 0 1 1 0.16 0
176 976 0.01 0.8 0 1 0 3 0.01 0
177 750 0.06 0.8 0 0 1 1 0.06 0
178 662 0.02 0.8 0 1 0 15 0.06 0
179 414 0.17 0.8 0 1 0 15 0.36 0
180 812 0.14 0.8 0 0 1 1 0.14 0
181 148 0.27 0.8 0 0 1 1 0.27 0
182 332 0.16 0.8 0 1 0 14 0.33 0
183 534 0.19 0.8 1 0 0 3 0.2 0
184 922 0.05 0.8 0 1 0 9 0.09 0
185 528 0.1 0.8 1 0 0 2 0.1 0
186 742 0.27 0.8 0 1 0 20 0.56 0
187 182 0.21 0.8 0 1 0 13 0.46 0
188 458 0.14 0.8 1 0 0 2 0.14 0
189 348 0.05 0.8 0 0 1 1 0.05 0
190 506 0.09 0.8 0 1 0 9 0.18 0
191 614 0.21 0.8 1 0 0 4 0.22 0
192 336 0.05 0.8 0 0 1 1 0.05 0
193 674 0.11 0.8 1 0 0 1 0.11 0
194 218 0.2 0.8 0 0 1 1 0.2 0
195 398 0.02 0.8 1 0 0 1 0.02 0
196 250 0.13 0.8 0 1 0 10 0.28 0
197 486 0.2 0.8 0 0 1 1 0.2 0
198 496 0.28 0.8 1 0 0 9 0.92 1
199 480 0.18 0.8 0 1 0 13 0.37 0
200 910 0.05 0.8 0 0 1 1 0.05 0
201 970 0.06 0.8 1 0 0 2 0.06 0
202 958 0.03 0.8 0 1 0 10 0.08 0
203 112 0.14 0.8 0 0 1 1 0.14 0
204 990 0.18 0.8 0 1 0 17 0.32 0
205 782 0.1 0.8 0 1 0 14 0.22 0
206 960 0.16 0.8 0 0 1 1 0.16 0
207 360 0.1 0.8 0 0 1 1 0.1 0
208 296 0.05 0.8 0 1 0 6 0.09 0
209 702 0.03 0.8 1 0 0 1 0.03 0
210 902 0.01 0.8 0 0 1 1 0.01 0
211 134 0.19 0.8 0 0 1 1 0.19 0
212 492 0.02 0.8 1 0 0 1 0.02 0
213 902 0.01 0.8 1 0 0 1 0.01 0
214 336 0.23 0.8 0 1 0 18 0.46 0
215 322 0.26 0.8 0 1 0 25 0.54 0
216 160 0.27 0.8 0 1 0 12 0.56 0
217 996 0.14 0.8 0 1 0 13 0.24 0
218 298 0.26 0.8 0 1 0 12 0.53 0
219 528 0.28 0.8 1 0 0 8 0.9 1
220 814 0.29 0.8 0 0 1 1 0.29 0
221 450 0.14 0.8 1 0 0 1 0.14 0
222 498 0.24 0.8 0 1 0 15 0.55 0
223 510 0.03 0.8 1 0 0 1 0.03 0
224 854 0.18 0.8 0 1 0 17 0.33 0
225 330 0.13 0.8 1 0 0 2 0.13 0
226 262 0.06 0.8 1 0 0 1 0.06 0
227 776 0.27 0.8 1 0 0 13 0.99 1
228 616 0.04 0.8 1 0 0 1 0.04 0
229 302 0.1 0.8 0 1 0 13 0.26 0
230 636 0.13 0.8 1 0 0 2 0.13 0
231 980 0.29 0.8 0 1 0 28 0.62 0
232 172 0.18 0.8 0 1 0 8 0.3 0
233 474 0.13 0.8 0 1 0 18 0.35 0
234 420 0.08 0.8 1 0 0 1 0.08 0
235 144 0.22 0.8 1 0 0 6 0.26 0
236 400 0.21 0.8 0 0 1 1 0.21 0
237 788 0.04 0.8 0 1 0 11 0.09 0
238 470 0.12 0.8 1 0 0 1 0.12 0
239 684 0.23 0.8 0 1 0 15 0.46 0
240 422 0.28 0.8 1 0 0 11 0.86 1
241 712 0.23 0.8 1 0 0 6 0.25 0
242 680 0.09 0.8 0 1 0 9 0.14 0
243 654 0.26 0.8 0 1 0 14 0.51 0
244 542 0.07 0.8 0 1 0 10 0.15 0
245 676 0.18 0.8 0 0 1 1 0.18 0
246 182 0.22 0.8 0 1 0 15 0.43 0
247 382 0.04 0.8 0 1 0 6 0.06 0
248 180 0.22 0.8 0 1 0 12 0.41 0
249 704 0.24 0.8 1 0 0 38 0.87 1
250 200 0.03 0.8 0 0 1 1 0.03 0
251 630 0.09 0.8 0 1 0 10 0.16 0
252 282 0.24 0.8 1 0 0 5 0.26 0
253 988 0.2 0.8 0 1 0 21 0.42 0
254 532 0.23 0.8 1 0 0 4 0.24 0
255 144 0.04 0.8 0 1 0 3 0.05 0
256 728 0.19 0.8 0 0 1 1 0.19 0
257 510 0.22 0.8 0 1 0 16 0.4 0
258 974 0.29 0.8 0 1 0 17 0.55 0
259 520 0.12 0.8 1 0 0 4 0.13 0
260 448 0.03 0.8 1 0 0 1 0.03 0
261 516 0.09 0.8 0 1 0 12 0.18 0
262 504 0.11 0.8 0 1 0 12 0.23 0
263 188 0.06 0.8 1 0 0 1 0.06 0
264 800 0.17 0.8 0 0 1 1 0.17 0
265 580 0.13 0.8 0 1 0 11 0.26 0
266 248 0.24 0.8 0 0 1 1 0.24 0
267 726 0.19 0.8 0 1 0 14 0.37 0
268 880 0.14 0.8 0 1 0 22 0.29 0
269 856 0.19 0.8 0 1 0 15 0.43 0
270 186 0.14 0.8 1 0 0 1 0.14 0
271 996 0.23 0.8 1 0 0 8 0.25 0
272 502 0.13 0.8 0 1 0 11 0.27 0
273 544 0.19 0.8 1 0 0 3 0.19 0
274 244 0.18 0.8 1 0 0 1 0.18 0
275 702 0.04 0.8 0 1 0 8 0.07 0
276 100 0.02 0.8 0 0 1 1 0.02 0
277 622 0.23 0.8 0 0 1 1 0.23 0
278 354 0.01 0.8 0 0 1 1 0.01 0
279 510 0.16 0.8 0 0 1 1 0.16 0
280 668 0.29 0.8 0 1 0 15 0.58 0
281 176 0.06 0.8 1 0 0 1 0.06 0
282 782 0.14 0.8 0 1 0 13 0.25 0
283 678 0.2 0.8 0 0 1 1 0.2 0
284 210 0.26 0.8 0 1 0 15 0.47 0
285 570 0.26 0.8 0 1 0 15 0.53 0
286 222 0.29 0.8 0 1 0 10 0.47 0
287 950 0.26 0.8 1 0 0 31 1.03 1
288 514 0.23 0.8 0 1 0 17 0.48 0
289 224 0.02 0.8 0 1 0 6 0.05 0
290 456 0.05 0.8 0 0 1 1 0.05 0
291 268 0.01 0.8 0 1 0 1 0.01 0
292 342 0.08 0.8 1 0 0 1 0.08 0
293 434 0.16 0.8 0 1 0 11 0.3 0
294 640 0.24 0.8 0 1 0 15 0.5 0
295 928 0.19 0.8 0 0 1 1 0.19 0
296 472 0.09 0.8 1 0 0 1 0.09 0
297 522 0.09 0.8 0 1 0 12 0.17 0
298 322 0.15 0.8 0 1 0 10 0.28 0
299 440 0.26 0.8 0 0 1 1 0.26 0
300 942 0.06 0.8 1 0 0 1 0.06 0
301 416 0.1 0.8 0 0 1 1 0.1 0
302 734 0.28 0.8 1 0 0 12 0.89 1
303 360 0.13 0.8 0 0 1 1 0.13 0
304 946 0.15 0.8 0 1 0 17 0.27 0
305 126 0.27 0.8 0 0 1 1 0.27 0
306 554 0.17 0.8 1 0 0 4 0.18 0
307 382 0.24 0.8 1 0 0 5 0.26 0
308 322 0.18 0.8 0 1 0 11 0.31 0
309 542 0.2 0.8 0 0 1 1 0.2 0
310 304 0.27 0.8 1 0 0 11 0.9 1
311 742 0.15 0.8 1 0 0 3 0.15 0
312 468 0.17 0.8 1 0 0 1 0.17 0
313 672 0.29 0.8 0 0 1 1 0.29 0
314 972 0.23 0.8 1 0 0 7 0.25 0
315 712 0.18 0.8 1 0 0 4 0.19 0
316 342 0.18 0.8 0 0 1 1 0.18 0
317 868 0.29 0.8 0 1 0 16 0.53 0
318 422 0.24 0.8 0 1 0 18 0.53 0
319 352 0.05 0.8 0 1 0 8 0.09 0
320 500 0.27 0.8 0 1 0 15 0.52 0
321 678 0.02 0.8 0 1 0 6 0.04 0
322 592 0.21 0.8 0 1 0 14 0.44 0
323 966 0.12 0.8 0 1 0 15 0.22 0
324 586 0.18 0.8 1 0 0 2 0.18 0
325 394 0.16 0.8 0 1 0 14 0.32 0
326 328 0.29 0.8 1 0 0 15 0.99 1
327 354 0.2 0.8 0 1 0 10 0.35 0
328 656 0.1 0.8 0 1 0 13 0.22 0
329 980 0.04 0.8 0 0 1 1 0.04 0
330 348 0.03 0.8 1 0 0 1 0.03 0
331 104 0.18 0.8 0 0 1 1 0.18 0
332 616 0.22 0.8 0 1 0 15 0.41 0
333 944 0.17 0.8 0 1 0 19 0.36 0
334 604 0.22 0.8 0 1 0 13 0.4 0
335 994 0.15 0.8 0 1 0 21 0.27 0
336 370 0.09 0.8 0 1 0 19 0.27 0
337 800 0.05 0.8 0 0 1 1 0.05 0
338 100 0.23 0.8 0 1 0 7 0.44 0
339 794 0.12 0.8 0 0 1 1 0.12 0
340 124 0.3 0.8 1 0 0 10 1.02 1
341 216 0.25 0.8 1 0 0 10 0.32 0
342 512 0.02 0.8 0 1 0 9 0.06 0
343 756 0.01 0.8 1 0 0 1 0.01 0
344 608 0.26 0.8 0 1 0 15 0.51 0
345 200 0.04 0.8 0 0 1 1 0.04 0
346 904 0.11 0.8 1 0 0 2 0.11 0
347 958 0.26 0.8 0 1 0 17 0.53 0
348 834 0.05 0.8 0 1 0 20 0.11 0
349 670 0.11 0.8 1 0 0 2 0.11 0
350 272 0.25 0.8 0 0 1 1 0.25 0
351 470 0.29 0.8 0 1 0 14 0.56 0
352 550 0.26 0.8 0 1 0 14 0.47 0
353 324 0.1 0.8 0 1 0 9 0.19 0
354 480 0.01 0.8 1 0 0 1 0.01 0
355 832 0.25 0.8 1 0 0 8 0.28 0
356 186 0.07 0.8 0 0 1 1 0.07 0
357 278 0.12 0.8 0 1 0 12 0.34 0
358 808 0.2 0.8 1 0 0 4 0.21 0
359 340 0.11 0.8 0 1 0 10 0.18 0
360 650 0.17 0.8 1 0 0 3 0.17 0
361 344 0.17 0.8 0 1 0 15 0.34 0
362 280 0.07 0.8 1 0 0 1 0.07 0
363 314 0.06 0.8 1 0 0 1 0.06 0
364 184 0.24 0.8 1 0 0 6 0.27 0
365 996 0.07 0.8 0 0 1 1 0.07 0
366 466 0.26 0.8 0 1 0 12 0.51 0
367 458 0.04 0.8 0 0 1 1 0.04 0
368 144 0.26 0.8 0 1 0 12 0.54 0
369 460 0.28 0.8 0 1 0 13 0.51 0
370 742 0.23 0.8 1 0 0 5 0.24 0
371 804 0.14 0.8 0 1 0 13 0.26 0
372 208 0.12 0.8 1 0 0 1 0.12 0
373 892 0.09 0.8 0 0 1 1 0.09 0
374 608 0.16 0.8 0 1 0 14 0.31 0
375 578 0.08 0.8 0 1 0 18 0.18 0
376 998 0.13 0.8 0 1 0 18 0.25 0
377 538 0.02 0.8 1 0 0 1 0.02 0
378 792 0.3 0.8 0 0 1 1 0.3 0
379 534 0.12 0.8 1 0 0 1 0.12 0
380 516 0.17 0.8 1 0 0 1 0.17 0
381 196 0.16 0.8 0 0 1 1 0.16 0
382 418 0.27 0.8 0 1 0 16 0.55 0
383 296 0.04 0.8 0 1 0 5 0.07 0
384 804 0.16 0.8 0 1 0 19 0.37 0
385 562 0.29 0.8 0 1 0 19 0.62 0
386 358 0.09 0.8 0 1 0 15 0.21 0
387 254 0.24 0.8 0 1 0 16 0.5 0
388 198 0.03 0.8 0 1 0 6 0.06 0
389 654 0.01 0.8 0 1 0 8 0.02 0
390 292 0.05 0.8 0 1 0 9 0.09 0
391 654 0.25 0.8 0 0 1 1 0.25 0
392 994 0.06 0.8 1 0 0 1 0.06 0
393 634 0.01 0.8 0 0 1 1 0.01 0
394 824 0.17 0.8 0 1 0 15 0.35 0
395 618 0.16 0.8 0 1 0 15 0.33 0
396 954 0.21 0.8 0 0 1 1 0.21 0
397 440 0.16 0.8 0 0 1 1 0.16 0
398 362 0.23 0.8 1 0 0 3 0.24 0
399 954 0.14 0.8 0 1 0 14 0.28 0
400 242 0.18 0.8 0 0 1 1 0.18 0
401 776 0.03 0.8 0 1 0 7 0.06 0
402 204 0.09 0.8 0 0 1 1 0.09 0
403 820 0.13 0.8 0 0 1 1 0.13 0
404 772 0.09 0.8 0 1 0 16 0.2 0
405 734 0.22 0.8 0 1 0 13 0.41 0
406 692 0.2 0.8 0 0 1 1 0.2 0
407 868 0.27 0.8 0 1 0 22 0.6 0
408 636 0.07 0.8 0 1 0 11 0.14 0
409 448 0.02 0.8 0 0 1 1 0.02 0
410 280 0.27 0.8 0 1 0 13 0.53 0
411 878 0.03 0.8 0 1 0 7 0.06 0
412 368 0.14 0.8 0 1 0 10 0.25 0
413 320 0.17 0.8 0 0 1 1 0.17 0
414 790 0.24 0.8 0 1 0 15 0.46 0
415 844 0.25 0.8 0 0 1 1 0.25 0
416 700 0.12 0.8 0 1 0 15 0.24 0
417 208 0.26 0.8 0 1 0 11 0.52 0
418 962 0.07 0.8 0 1 0 13 0.14 0
419 476 0.22 0.8 1 0 0 6 0.23 0
420 972 0.08 0.8 0 1 0 13 0.13 0
421 584 0.04 0.8 1 0 0 1 0.04 0
422 474 0.17 0.8 0 1 0 14 0.34 0
423 760 0.07 0.8 0 1 0 9 0.14 0
424 844 0.12 0.8 1 0 0 1 0.12 0
425 760 0.27 0.8 0 1 0 16 0.54 0
426 924 0.07 0.8 0 0 1 1 0.07 0
427 732 0.16 0.8 0 1 0 11 0.28 0
428 108 0.14 0.8 0 1 0 4 0.18 0
429 842 0.18 0.8 0 1 0 12 0.33 0
430 746 0.07 0.8 0 0 1 1 0.07 0
431 274 0.28 0.8 1 0 0 15 1.01 1
432 490 0.08 0.8 1 0 0 1 0.08 0
433 246 0.04 0.8 0 0 1 1 0.04 0
434 420 0.09 0.8 0 1 0 9 0.18 0
435 234 0.19 0.8 0 0 1 1 0.19 0
436 722 0.18 0.8 0 0 1 1 0.18 0
437 650 0.11 0.8 0 0 1 1 0.11 0
438 810 0.14 0.8 0 1 0 16 0.28 0
439 152 0.07 0.8 0 1 0 7 0.13 0
440 148 0.13 0.8 0 1 0 7 0.24 0
441 928 0.12 0.8 0 0 1 1 0.12 0
442 268 0.08 0.8 0 0 1 1 0.08 0
443 926 0.25 0.8 0 1 0 15 0.51 0
444 820 0.29 0.8 1 0 0 9 1.0 1
445 374 0.29 0.8 0 0 1 1 0.29 0
446 474 0.14 0.8 0 1 0 12 0.24 0
447 786 0.07 0.8 0 1 0 16 0.17 0
448 562 0.19 0.8 0 0 1 1 0.19 0
449 370 0.16 0.8 0 1 0 15 0.35 0
450 658 0.09 0.8 0 1 0 11 0.21 0
451 860 0.01 0.8 0 0 1 1 0.01 0
452 658 0.06 0.8 1 0 0 1 0.06 0
453 108 0.21 0.8 1 0 0 1 0.21 0
454 350 0.16 0.8 0 0 1 1 0.16 0
455 986 0.08 0.8 0 0 1 1 0.08 0
456 654 0.04 0.8 0 1 0 9 0.1 0
457 572 0.11 0.8 0 0 1 1 0.11 0
458 316 0.26 0.8 0 0 1 1 0.26 0
459 248 0.23 0.8 0 1 0 15 0.46 0
460 800 0.14 0.8 0 1 0 19 0.3 0
461 726 0.2 0.8 1 0 0 4 0.21 0
462 448 0.18 0.8 1 0 0 3 0.19 0
463 558 0.23 0.8 1 0 0 7 0.26 0
464 756 0.29 0.8 0 1 0 14 0.53 0
465 908 0.08 0.8 0 0 1 1 0.08 0
466 344 0.23 0.8 1 0 0 8 0.26 0
467 456 0.3 0.8 0 0 1 1 0.3 0
468 522 0.06 0.8 0 1 0 7 0.09 0
469 394 0.07 0.8 0 0 1 1 0.07 0
470 814 0.05 0.8 0 1 0 12 0.1 0
471 736 0.09 0.8 0 1 0 15 0.21 0
472 146 0.22 0.8 0 0 1 1 0.22 0
473 600 0.19 0.8 0 1 0 11 0.37 0
474 836 0.05 0.8 0 0 1 1 0.05 0
475 532 0.13 0.8 1 0 0 1 0.13 0
476 876 0.28 0.8 1 0 0 11 0.83 1
477 414 0.01 0.8 0 1 0 3 0.01 0
478 988 0.06 0.8 0 0 1 1 0.06 0
479 656 0.09 0.8 0 1 0 10 0.14 0
480 308 0.19 0.8 1 0 0 2 0.19 0
481 778 0.09 0.8 0 1 0 19 0.21 0
482 112 0.1 0.8 0 0 1 1 0.1 0
483 522 0.06 0.8 0 0 1 1 0.06 0
484 324 0.2 0.8 0 0 1 1 0.2 0
485 352 0.21 0.8 0 1 0 12 0.38 0
486 594 0.26 0.8 1 0 0 16 0.89 1
487 680 0.15 0.8 0 1 0 18 0.27 0
488 324 0.28 0.8 0 1 0 9 0.49 0
489 866 0.21 0.8 1 0 0 5 0.22 0
490 656 0.15 0.8 0 1 0 16 0.3 0
491 638 0.1 0.8 0 1 0 12 0.18 0
492 586 0.03 0.8 0 0 1 1 0.03 0
493 124 0.25 0.8 1 0 0 3 0.27 0
494 214 0.27 0.8 0 0 1 1 0.27 0
495 868 0.05 0.8 0 0 1 1 0.05 0
496 150 0.24 0.8 0 0 1 1 0.24 0
497 938 0.01 0.8 1 0 0 1 0.01 0
498 662 0.21 0.8 0 1 0 14 0.47 0
499 636 0.14 0.8 0 1 0 19 0.32 0
500 874 0.13 0.8 0 0 1 1 0.13 0
501 890 0.21 0.8 1 0 0 4 0.22 0
502 272 0.19 0.8 0 1 0 13 0.45 0
503 518 0.26 0.8 1 0 0 19 0.81 1
504 918 0.26 0.8 0 1 0 18 0.52 0
505 304 0.19 0.8 0 1 0 10 0.34 0
506 548 0.15 0.8 0 1 0 17 0.32 0
507 484 0.07 0.8 1 0 0 1 0.07 0
508 452 0.28 0.8 0 1 0 13 0.54 0
509 298 0.24 0.8 0 1 0 11 0.4 0
510 402 0.17 0.8 0 1 0 10 0.31 0
511 310 0.17 0.8 0 1 0 11 0.27 0
512 254 0.02 0.8 0 1 0 13 0.09 0
513 366 0.11 0.8 0 1 0 11 0.21 0
514 668 0.01 0.8 0 1 0 5 0.02 0
515 242 0.08 0.8 0 1 0 6 0.15 0
516 434 0.0 0.8 0 1 0 1 0.0 0
517 360 0.08 0.8 0 1 0 9 0.15 0
518 724 0.25 0.8 0 0 1 1 0.25 0
519 334 0.23 0.8 1 0 0 8 0.26 0
520 570 0.3 0.8 0 0 1 1 0.3 0
521 254 0.03 0.8 1 0 0 1 0.03 0
522 144 0.26 0.8 0 1 0 11 0.54 0
523 896 0.03 0.8 0 0 1 1 0.03 0
524 602 0.21 0.8 0 1 0 14 0.38 0
525 534 0.22 0.8 1 0 0 4 0.23 0
526 578 0.01 0.8 0 0 1 1 0.01 0
527 588 0.06 0.8 0 1 0 8 0.1 0
528 754 0.09 0.8 1 0 0 1 0.09 0
529 564 0.02 0.8 0 1 0 10 0.05 0
530 744 0.01 0.8 0 0 1 1 0.01 0
531 148 0.17 0.8 1 0 0 1 0.17 0
532 994 0.15 0.8 0 1 0 15 0.34 0
533 494 0.06 0.8 0 1 0 9 0.11 0
534 558 0.24 0.8 0 1 0 14 0.52 0
535 496 0.13 0.8 0 1 0 12 0.29 0
536 138 0.22 0.8 0 0 1 1 0.22 0
537 908 0.16 0.8 0 0 1 1 0.16 0
538 658 0.22 0.8 0 0 1 1 0.22 0
539 288 0.0 0.8 0 0 1 1 0.0 0
540 934 0.23 0.8 0 1 0 16 0.42 0
541 888 0.28 0.8 0 1 0 15 0.51 0
542 134 0.23 0.8 0 0 1 1 0.23 0
543 130 0.24 0.8 0 0 1 1 0.24 0
544 428 0.01 0.8 1 0 0 1 0.01 0
545 682 0.26 0.8 0 1 0 13 0.54 0
546 746 0.2 0.8 1 0 0 4 0.21 0
547 672 0.18 0.8 1 0 0 3 0.18 0
548 696 0.12 0.8 1 0 0 2 0.12 0
549 410 0.04 0.8 0 0 1 1 0.04 0
550 146 0.09 0.8 0 1 0 8 0.2 0
551 164 0.08 0.8 1 0 0 1 0.08 0
552 310 0.23 0.8 1 0 0 5 0.24 0
553 856 0.07 0.8 0 1 0 15 0.16 0
554 644 0.02 0.8 0 1 0 12 0.08 0
555 998 0.08 0.8 0 1 0 14 0.17 0
556 656 0.14 0.8 0 0 1 1 0.14 0
557 850 0.04 0.8 1 0 0 1 0.04 0
558 894 0.15 0.8 0 1 0 17 0.3 0
559 300 0.08 0.8 0 0 1 1 0.08 0
560 296 0.25 0.8 1 0 0 4 0.26 0
561 294 0.24 0.8 0 1 0 25 0.52 0
562 310 0.22 0.8 0 1 0 11 0.39 0
563 918 0.02 0.8 0 0 1 1 0.02 0
564 672 0.25 0.8 0 0 1 1 0.25 0
565 708 0.25 0.8 0 1 0 14 0.44 0
566 686 0.28 0.8 0 1 0 17 0.56 0
567 106 0.27 0.8 0 1 0 15 0.75 0
568 692 0.07 0.8 0 1 0 12 0.15 0
569 828 0.26 0.8 0 0 1 1 0.26 0
570 376 0.1 0.8 1 0 0 2 0.1 0
571 446 0.2 0.8 0 1 0 15 0.39 0
572 868 0.04 0.8 0 0 1 1 0.04 0
573 580 0.18 0.8 1 0 0 5 0.19 0
574 608 0.19 0.8 0 1 0 15 0.4 0
575 238 0.02 0.8 0 0 1 1 0.02 0
576 240 0.23 0.8 1 0 0 3 0.24 0
577 840 0.14 0.8 0 1 0 16 0.3 0
578 470 0.14 0.8 0 1 0 15 0.32 0
579 724 0.24 0.8 1 0 0 5 0.25 0
580 164 0.07 0.8 1 0 0 1 0.07 0
581 186 0.03 0.8 0 0 1 1 0.03 0
582 772 0.23 0.8 0 1 0 15 0.47 0
583 628 0.07 0.8 0 1 0 13 0.15 0
584 812 0.14 0.8 0 1 0 14 0.28 0
585 594 0.16 0.8 0 1 0 15 0.32 0
586 562 0.08 0.8 0 1 0 9 0.15 0
587 880 0.0 0.8 0 1 0 1 0.0 0
588 900 0.08 0.8 0 1 0 13 0.16 0
589 594 0.23 0.8 1 0 0 5 0.24 0
590 720 0.21 0.8 1 0 0 6 0.22 0
591 556 0.29 0.8 0 0 1 1 0.29 0
592 626 0.14 0.8 0 1 0 14 0.28 0
593 780 0.17 0.8 0 1 0 15 0.34 0
594 796 0.29 0.8 0 1 0 18 0.58 0
595 690 0.15 0.8 0 1 0 15 0.3 0
596 812 0.24 0.8 0 1 0 21 0.48 0
597 140 0.03 0.8 0 0 1 1 0.03 0
598 954 0.01 0.8 0 1 0 12 0.04 0
599 366 0.14 0.8 1 0 0 2 0.14 0
600 738 0.27 0.8 1 0 0 22 0.83 1
601 644 0.25 0.8 1 0 0 5 0.26 0
602 658 0.03 0.8 0 0 1 1 0.03 0
603 184 0.25 0.8 0 1 0 10 0.49 0
604 446 0.16 0.8 0 0 1 1 0.16 0
605 760 0.18 0.8 0 1 0 15 0.4 0
606 924 0.21 0.8 0 0 1 1 0.21 0
607 412 0.08 0.8 0 1 0 8 0.14 0
608 340 0.25 0.8 0 1 0 14 0.49 0
609 944 0.01 0.8 0 1 0 13 0.03 0
610 318 0.21 0.8 1 0 0 5 0.23 0
611 510 0.26 0.8 0 1 0 15 0.48 0
612 486 0.01 0.8 0 1 0 5 0.02 0
613 846 0.05 0.8 1 0 0 1 0.05 0
614 604 0.21 0.8 0 1 0 21 0.46 0
615 220 0.06 0.8 0 0 1 1 0.06 0
616 406 0.19 0.8 0 0 1 1 0.19 0
617 858 0.04 0.8 0 1 0 11 0.07 0
618 990 0.25 0.8 0 1 0 19 0.56 0
619 820 0.04 0.8 1 0 0 1 0.04 0
620 444 0.27 0.8 1 0 0 12 0.96 1
621 632 0.21 0.8 1 0 0 5 0.22 0
622 442 0.16 0.8 0 0 1 1 0.16 0
623 650 0.24 0.8 1 0 0 10 0.27 0
624 676 0.22 0.8 0 1 0 13 0.37 0
625 510 0.25 0.8 0 0 1 1 0.25 0
626 858 0.19 0.8 0 1 0 18 0.41 0
627 826 0.23 0.8 0 1 0 22 0.5 0
628 796 0.0 0.8 0 1 0 1 0.0 0
629 800 0.02 0.8 0 0 1 1 0.02 0
630 118 0.29 0.8 0 1 0 10 0.49 0
631 342 0.11 0.8 0 0 1 1 0.11 0
632 470 0.02 0.8 0 1 0 10 0.08 0
633 898 0.1 0.8 1 0 0 2 0.1 0
634 462 0.2 0.8 1 0 0 5 0.21 0
635 512 0.27 0.8 0 1 0 18 0.59 0
636 194 0.25 0.8 0 0 1 1 0.25 0
637 382 0.1 0.8 0 1 0 18 0.2 0
638 624 0.06 0.8 0 0 1 1 0.06 0
639 700 0.07 0.8 0 1 0 11 0.16 0
640 722 0.07 0.8 1 0 0 1 0.07 0
641 970 0.3 0.8 1 0 0 7 0.89 1
642 616 0.17 0.8 0 1 0 16 0.37 0
643 886 0.05 0.8 0 1 0 14 0.1 0
644 228 0.08 0.8 0 1 0 11 0.18 0
645 380 0.24 0.8 0 1 0 11 0.48 0
646 234 0.29 0.8 0 0 1 1 0.29 0
647 692 0.11 0.8 0 1 0 12 0.2 0
648 960 0.29 0.8 0 1 0 15 0.57 0
649 676 0.19 0.8 1 0 0 3 0.19 0
650 478 0.13 0.8 1 0 0 1 0.13 0
651 316 0.03 0.8 0 1 0 7 0.08 0
652 986 0.14 0.8 0 0 1 1 0.14 0
653 610 0.27 0.8 0 1 0 13 0.53 0
654 992 0.16 0.8 0 1 0 16 0.36 0
655 714 0.0 0.8 0 1 0 1 0.0 0
656 848 0.2 0.8 0 1 0 17 0.4 0
657 160 0.03 0.8 1 0 0 1 0.03 0
658 448 0.06 0.8 1 0 0 1 0.06 0
659 360 0.26 0.8 0 0 1 1 0.26 0
660 188 0.18 0.8 1 0 0 1 0.18 0
661 890 0.18 0.8 1 0 0 4 0.18 0
662 428 0.11 0.8 0 1 0 9 0.18 0
663 126 0.14 0.8 1 0 0 1 0.14 0
664 306 0.13 0.8 0 0 1 1 0.13 0
665 430 0.26 0.8 1 0 0 18 0.33 0
666 630 0.27 0.8 0 1 0 14 0.5 0
667 366 0.29 0.8 0 1 0 11 0.54 0
668 540 0.02 0.8 0 1 0 11 0.05 0
669 670 0.04 0.8 0 1 0 9 0.07 0
670 680 0.19 0.8 0 0 1 1 0.19 0
671 532 0.27 0.8 0 1 0 21 0.54 0
672 970 0.14 0.8 0 0 1 1 0.14 0
673 820 0.04 0.8 0 1 0 13 0.08 0
674 844 0.25 0.8 0 0 1 1 0.25 0
675 810 0.24 0.8 0 1 0 16 0.5 0
676 658 0.06 0.8 0 0 1 1 0.06 0
677 622 0.07 0.8 0 0 1 1 0.07 0
678 616 0.05 0.8 1 0 0 1 0.05 0
679 692 0.28 0.8 0 1 0 21 0.55 0
680 560 0.22 0.8 1 0 0 7 0.24 0
681 606 0.29 0.8 0 1 0 16 0.66 0
682 548 0.19 0.8 0 0 1 1 0.19 0
683 622 0.11 0.8 0 0 1 1 0.11 0
684 444 0.05 0.8 0 0 1 1 0.05 0
685 610 0.02 0.8 1 0 0 1 0.02 0
686 966 0.12 0.8 0 1 0 13 0.27 0
687 370 0.17 0.8 0 1 0 11 0.26 0
688 720 0.29 0.8 0 1 0 21 0.61 0
689 434 0.29 0.8 0 0 1 1 0.29 0
690 776 0.3 0.8 0 1 0 20 0.64 0
691 336 0.17 0.8 1 0 0 1 0.17 0
692 344 0.28 0.8 0 1 0 22 0.63 0
693 324 0.07 0.8 0 0 1 1 0.07 0
694 488 0.14 0.8 0 1 0 11 0.24 0
695 448 0.28 0.8 1 0 0 13 0.97 1
696 902 0.27 0.8 0 0 1 1 0.27 0
697 872 0.1 0.8 0 0 1 1 0.1 0
698 844 0.17 0.8 0 1 0 15 0.36 0
699 112 0.25 0.8 0 0 1 1 0.25 0
700 104 0.12 0.8 1 0 0 1 0.12 0
701 172 0.28 0.8 0 1 0 13 0.59 0
702 378 0.17 0.8 1 0 0 1 0.17 0
703 176 0.18 0.8 1 0 0 1 0.18 0
704 866 0.13 0.8 0 1 0 12 0.25 0
705 570 0.22 0.8 0 1 0 24 0.44 0
706 410 0.13 0.8 0 1 0 9 0.23 0
707 968 0.04 0.8 0 0 1 1 0.04 0
708 550 0.27 0.8 0 1 0 16 0.54 0
709 766 0.06 0.8 1 0 0 1 0.06 0
710 550 0.1 0.8 1 0 0 1 0.1 0
711 468 0.06 0.8 0 0 1 1 0.06 0
712 132 0.3 0.8 0 1 0 9 0.53 0
713 284 0.19 0.8 0 1 0 13 0.41 0
714 522 0.17 0.8 0 1 0 11 0.34 0
715 258 0.26 0.8 0 1 0 14 0.6 0
716 328 0.11 0.8 0 1 0 8 0.17 0
717 104 0.18 0.8 0 0 1 1 0.18 0
718 176 0.27 0.8 0 1 0 9 0.45 0
719 436 0.05 0.8 0 0 1 1 0.05 0
720 536 0.16 0.8 0 1 0 17 0.3 0
721 236 0.28 0.8 0 1 0 21 0.59 0
722 228 0.27 0.8 0 1 0 10 0.51 0
723 614 0.07 0.8 0 0 1 1 0.07 0
724 322 0.25 0.8 0 0 1 1 0.25 0
725 158 0.1 0.8 1 0 0 1 0.1 0
726 888 0.24 0.8 0 0 1 1 0.24 0
727 914 0.19 0.8 0 1 0 22 0.4 0
728 440 0.17 0.8 0 1 0 17 0.33 0
729 270 0.09 0.8 1 0 0 1 0.09 0
730 568 0.01 0.8 1 0 0 1 0.01 0
731 300 0.17 0.8 1 0 0 2 0.17 0
732 792 0.13 0.8 0 1 0 14 0.24 0
733 834 0.03 0.8 0 0 1 1 0.03 0
734 730 0.1 0.8 0 1 0 15 0.22 0
735 882 0.3 0.8 0 1 0 19 0.58 0
736 942 0.1 0.8 1 0 0 3 0.1 0
737 724 0.13 0.8 0 0 1 1 0.13 0
738 722 0.25 0.8 0 1 0 17 0.58 0
739 894 0.12 0.8 0 0 1 1 0.12 0
740 176 0.01 0.8 1 0 0 1 0.01 0
741 980 0.24 0.8 1 0 0 9 0.27 0
742 328 0.03 0.8 0 0 1 1 0.03 0
743 998 0.04 0.8 0 1 0 12 0.1 0
744 530 0.12 0.8 0 1 0 10 0.22 0
745 118 0.06 0.8 1 0 0 1 0.06 0
746 460 0.25 0.8 0 0 1 1 0.25 0
747 920 0.25 0.8 0 0 1 1 0.25 0
748 362 0.19 0.8 1 0 0 1 0.19 0
749 898 0.16 0.8 1 0 0 3 0.16 0
750 944 0.04 0.8 0 1 0 14 0.08 0
751 480 0.15 0.8 0 1 0 14 0.28 0
752 322 0.17 0.8 0 0 1 1 0.17 0
753 872 0.0 0.8 1 0 0 2 0.0 0
754 964 0.09 0.8 1 0 0 1 0.09 0
755 304 0.18 0.8 1 0 0 2 0.18 0
756 448 0.27 0.8 0 0 1 1 0.27 0
757 696 0.04 0.8 1 0 0 1 0.04 0
758 238 0.04 0.8 0 1 0 12 0.13 0
759 472 0.17 0.8 0 1 0 15 0.3 0
760 778 0.28 0.8 1 0 0 10 1.02 1
761 998 0.14 0.8 0 1 0 20 0.29 0
762 948 0.09 0.8 0 1 0 15 0.19 0
763 110 0.05 0.8 0 0 1 1 0.05 0
764 708 0.08 0.8 0 1 0 11 0.16 0
765 698 0.13 0.8 1 0 0 2 0.13 0
766 688 0.18 0.8 0 1 0 13 0.37 0
767 754 0.22 0.8 0 1 0 14 0.43 0
768 752 0.12 0.8 1 0 0 1 0.12 0
769 280 0.02 0.8 0 0 1 1 0.02 0
770 178 0.07 0.8 0 1 0 7 0.16 0
771 362 0.17 0.8 0 0 1 1 0.17 0
772 202 0.07 0.8 1 0 0 1 0.07 0
773 438 0.29 0.8 1 0 0 7 1.0 1
774 582 0.28 0.8 0 1 0 18 0.6 0
775 622 0.12 0.8 0 0 1 1 0.12 0
776 446 0.2 0.8 1 0 0 4 0.21 0
777 244 0.03 0.8 1 0 0 1 0.03 0
778 446 0.15 0.8 0 1 0 10 0.26 0
779 146 0.24 0.8 0 1 0 12 0.58 0
780 832 0.12 0.8 0 0 1 1 0.12 0
781 542 0.08 0.8 0 1 0 11 0.16 0
782 612 0.2 0.8 1 0 0 1 0.2 0
783 214 0.26 0.8 0 1 0 12 0.51 0
784 488 0.24 0.8 0 0 1 1 0.24 0
785 556 0.09 0.8 0 0 1 1 0.09 0
786 774 0.24 0.8 0 0 1 1 0.24 0
787 726 0.01 0.8 0 1 0 7 0.02 0
788 538 0.06 0.8 0 0 1 1 0.06 0
789 204 0.04 0.8 0 1 0 6 0.08 0
790 674 0.02 0.8 0 1 0 4 0.03 0
791 148 0.07 0.8 1 0 0 1 0.07 0
792 566 0.06 0.8 0 0 1 1 0.06 0
793 982 0.06 0.8 0 1 0 15 0.12 0
794 694 0.28 0.8 0 0 1 1 0.28 0
795 734 0.19 0.8 0 1 0 13 0.4 0
796 424 0.21 0.8 0 1 0 19 0.51 0
797 536 0.14 0.8 0 1 0 13 0.3 0
798 178 0.25 0.8 1 0 0 4 0.27 0
799 654 0.07 0.8 0 0 1 1 0.07 0
800 246 0.21 0.8 1 0 0 3 0.22 0
801 118 0.03 0.8 0 1 0 3 0.05 0
802 510 0.14 0.8 0 1 0 10 0.27 0
803 468 0.29 0.8 0 1 0 16 0.55 0
804 656 0.02 0.8 0 0 1 1 0.02 0
805 618 0.02 0.8 0 1 0 14 0.05 0
806 958 0.07 0.8 0 0 1 1 0.07 0
807 816 0.24 0.8 0 0 1 1 0.24 0
808 660 0.23 0.8 0 1 0 16 0.5 0
809 366 0.17 0.8 0 0 1 1 0.17 0
810 284 0.06 0.8 0 1 0 8 0.1 0
811 416 0.03 0.8 0 1 0 5 0.05 0
812 180 0.22 0.8 0 1 0 16 0.49 0
813 396 0.06 0.8 1 0 0 1 0.06 0
814 612 0.01 0.8 0 1 0 10 0.03 0
815 242 0.03 0.8 1 0 0 1 0.03 0
816 120 0.02 0.8 1 0 0 1 0.02 0
817 468 0.09 0.8 1 0 0 1 0.09 0
818 874 0.2 0.8 1 0 0 5 0.21 0
819 240 0.2 0.8 0 0 1 1 0.2 0
820 262 0.11 0.8 0 1 0 8 0.21 0
821 252 0.15 0.8 0 1 0 13 0.32 0
822 590 0.03 0.8 1 0 0 1 0.03 0
823 808 0.25 0.8 0 1 0 15 0.51 0
824 170 0.19 0.8 0 1 0 8 0.35 0
825 758 0.23 0.8 1 0 0 6 0.25 0
826 662 0.09 0.8 0 0 1 1 0.09 0
827 462 0.03 0.8 1 0 0 1 0.03 0
828 834 0.2 0.8 1 0 0 4 0.21 0
829 948 0.18 0.8 0 0 1 1 0.18 0
830 576 0.12 0.8 0 1 0 15 0.23 0
831 888 0.16 0.8 0 1 0 16 0.3 0
832 474 0.03 0.8 1 0 0 1 0.03 0
833 414 0.13 0.8 0 1 0 12 0.25 0
834 646 0.17 0.8 0 0 1 1 0.17 0
835 654 0.25 0.8 0 1 0 14 0.54 0
836 996 0.08 0.8 0 0 1 1 0.08 0
837 246 0.26 0.8 1 0 0 9 0.81 1
838 616 0.03 0.8 0 1 0 9 0.05 0
839 248 0.05 0.8 0 0 1 1 0.05 0
840 748 0.11 0.8 0 0 1 1 0.11 0
841 304 0.19 0.8 0 0 1 1 0.19 0
842 320 0.02 0.8 1 0 0 1 0.02 0
843 952 0.04 0.8 0 0 1 1 0.04 0
844 426 0.01 0.8 0 1 0 3 0.01 0
845 208 0.27 0.8 0 1 0 12 0.59 0
846 102 0.15 0.8 0 1 0 7 0.3 0
847 342 0.06 0.8 1 0 0 1 0.06 0
848 142 0.02 0.8 0 1 0 2 0.03 0
849 118 0.0 0.8 0 1 0 1 0.0 0
850 118 0.03 0.8 1 0 0 1 0.03 0
851 688 0.04 0.8 0 1 0 6 0.05 0
852 292 0.3 0.8 0 1 0 18 0.59 0
853 262 0.17 0.8 0 1 0 15 0.4 0
854 120 0.02 0.8 0 1 0 2 0.03 0
855 476 0.17 0.8 0 1 0 15 0.34 0
856 912 0.22 0.8 0 1 0 12 0.39 0
857 940 0.22 0.8 0 0 1 1 0.22 0
858 608 0.07 0.8 0 1 0 9 0.12 0
859 518 0.17 0.8 0 1 0 12 0.3 0
860 386 0.27 0.8 0 0 1 1 0.27 0
861 894 0.29 0.8 0 1 0 18 0.6 0
862 796 0.24 0.8 0 0 1 1 0.24 0
863 336 0.14 0.8 0 0 1 1 0.14 0
864 552 0.23 0.8 0 1 0 13 0.48 0
865 180 0.24 0.8 1 0 0 5 0.26 0
866 542 0.2 0.8 0 0 1 1 0.2 0
867 748 0.05 0.8 0 1 0 12 0.12 0
868 492 0.2 0.8 0 1 0 13 0.38 0
869 654 0.07 0.8 0 1 0 11 0.11 0
870 790 0.13 0.8 0 1 0 20 0.28 0
871 928 0.23 0.8 0 1 0 16 0.49 0
872 712 0.13 0.8 0 1 0 17 0.26 0
873 470 0.19 0.8 0 1 0 14 0.36 0
874 592 0.26 0.8 0 1 0 13 0.47 0
875 240 0.2 0.8 0 1 0 10 0.4 0
876 534 0.18 0.8 1 0 0 2 0.18 0
877 226 0.24 0.8 1 0 0 4 0.25 0
878 992 0.21 0.8 0 1 0 18 0.41 0
879 280 0.27 0.8 0 1 0 12 0.65 0
880 128 0.1 0.8 1 0 0 1 0.1 0
881 466 0.2 0.8 0 1 0 13 0.41 0
882 834 0.07 0.8 0 1 0 12 0.12 0
883 666 0.24 0.8 0 0 1 1 0.24 0
884 448 0.12 0.8 0 0 1 1 0.12 0
885 584 0.06 0.8 0 0 1 1 0.06 0
886 402 0.3 0.8 0 0 1 1 0.3 0
887 820 0.16 0.8 0 1 0 12 0.31 0
888 782 0.02 0.8 0 1 0 8 0.04 0
889 960 0.15 0.8 0 0 1 1 0.15 0
890 386 0.15 0.8 0 1 0 14 0.33 0
891 138 0.11 0.8 1 0 0 1 0.11 0
892 612 0.11 0.8 0 1 0 11 0.21 0
893 506 0.07 0.8 0 1 0 8 0.12 0
894 922 0.06 0.8 1 0 0 1 0.06 0
895 868 0.09 0.8 0 0 1 1 0.09 0
896 826 0.15 0.8 0 1 0 18 0.32 0
897 186 0.03 0.8 0 1 0 3 0.04 0
898 622 0.05 0.8 0 1 0 8 0.1 0
899 934 0.06 0.8 0 1 0 9 0.11 0
900 510 0.27 0.8 0 1 0 11 0.43 0
901 146 0.16 0.8 0 1 0 11 0.38 0
902 388 0.29 0.8 0 1 0 12 0.49 0
903 554 0.22 0.8 0 0 1 1 0.22 0
904 726 0.02 0.8 0 1 0 7 0.04 0
905 682 0.01 0.8 0 1 0 9 0.04 0
906 216 0.13 0.8 1 0 0 2 0.13 0
907 940 0.09 0.8 1 0 0 1 0.09 0
908 994 0.05 0.8 0 1 0 9 0.1 0
909 584 0.13 0.8 1 0 0 2 0.13 0
910 622 0.05 0.8 0 1 0 11 0.14 0
911 116 0.29 0.8 0 1 0 12 0.7 0
912 130 0.05 0.8 0 0 1 1 0.05 0
913 736 0.13 0.8 0 1 0 21 0.27 0
914 418 0.17 0.8 1 0 0 2 0.17 0
915 200 0.05 0.8 0 1 0 8 0.1 0
916 186 0.12 0.8 0 1 0 8 0.25 0
917 406 0.24 0.8 0 0 1 1 0.24 0
918 266 0.06 0.8 0 1 0 10 0.12 0
919 798 0.18 0.8 0 1 0 19 0.36 0
920 666 0.16 0.8 1 0 0 3 0.16 0
921 232 0.28 0.8 0 1 0 10 0.56 0
922 768 0.04 0.8 0 0 1 1 0.04 0
923 832 0.19 0.8 0 1 0 13 0.37 0
924 782 0.2 0.8 0 0 1 1 0.2 0
925 958 0.0 0.8 0 0 1 1 0.0 0
926 226 0.02 0.8 0 1 0 8 0.06 0
927 462 0.1 0.8 0 0 1 1 0.1 0
928 902 0.29 0.8 0 1 0 15 0.55 0
929 140 0.13 0.8 0 1 0 5 0.17 0
930 248 0.21 0.8 0 1 0 11 0.37 0
931 210 0.17 0.8 0 1 0 9 0.34 0
932 562 0.26 0.8 0 1 0 12 0.47 0
933 600 0.02 0.8 0 1 0 7 0.04 0
934 446 0.11 0.8 0 1 0 11 0.2 0
935 316 0.06 0.8 0 0 1 1 0.06 0
936 646 0.17 0.8 0 0 1 1 0.17 0
937 872 0.05 0.8 0 1 0 12 0.1 0
938 534 0.17 0.8 0 0 1 1 0.17 0
939 222 0.09 0.8 1 0 0 1 0.09 0
940 238 0.1 0.8 0 1 0 9 0.18 0
941 340 0.13 0.8 0 0 1 1 0.13 0
942 308 0.18 0.8 0 0 1 1 0.18 0
943 102 0.24 0.8 0 1 0 11 0.49 0
944 174 0.26 0.8 1 0 0 12 0.94 1
945 910 0.15 0.8 0 1 0 13 0.26 0
946 700 0.22 0.8 1 0 0 7 0.23 0
947 666 0.05 0.8 1 0 0 1 0.05 0
948 816 0.08 0.8 0 1 0 17 0.16 0
949 390 0.08 0.8 0 1 0 15 0.17 0
950 450 0.12 0.8 0 0 1 1 0.12 0
951 528 0.17 0.8 0 0 1 1 0.17 0
952 584 0.08 0.8 0 1 0 13 0.17 0
953 210 0.18 0.8 0 1 0 13 0.39 0
954 622 0.1 0.8 0 1 0 10 0.17 0
955 472 0.02 0.8 1 0 0 1 0.02 0
956 354 0.27 0.8 0 0 1 1 0.27 0
957 192 0.08 0.8 1 0 0 1 0.08 0
958 878 0.13 0.8 0 0 1 1 0.13 0
959 660 0.14 0.8 1 0 0 3 0.14 0
960 404 0.28 0.8 1 0 0 12 0.96 1
961 430 0.08 0.8 0 1 0 8 0.13 0
962 876 0.21 0.8 1 0 0 5 0.22 0
963 570 0.29 0.8 0 1 0 17 0.56 0
964 274 0.28 0.8 0 1 0 12 0.54 0
965 968 0.26 0.8 0 1 0 14 0.46 0
966 704 0.19 0.8 0 1 0 18 0.38 0
967 242 0.04 0.8 1 0 0 1 0.04 0
968 502 0.08 0.8 0 0 1 1 0.08 0
969 618 0.12 0.8 0 0 1 1 0.12 0
970 824 0.13 0.8 0 1 0 17 0.26 0
971 566 0.11 0.8 0 0 1 1 0.11 0
972 372 0.26 0.8 0 1 0 13 0.54 0
973 414 0.02 0.8 0 0 1 1 0.02 0
974 400 0.13 0.8 1 0 0 1 0.13 0
975 508 0.14 0.8 1 0 0 1 0.14 0
976 904 0.11 0.8 1 0 0 2 0.11 0
977 884 0.19 0.8 1 0 0 2 0.19 0
978 320 0.06 0.8 0 1 0 6 0.11 0
979 900 0.21 0.8 0 0 1 1 0.21 0
980 450 0.19 0.8 0 0 1 1 0.19 0
981 926 0.01 0.8 1 0 0 1 0.01 0
982 776 0.29 0.8 0 1 0 16 0.59 0
983 848 0.05 0.8 0 1 0 7 0.08 0
984 208 0.04 0.8 0 1 0 9 0.11 0
985 586 0.11 0.8 1 0 0 1 0.11 0
986 918 0.03 0.8 0 1 0 10 0.06 0
987 820 0.04 0.8 1 0 0 1 0.04 0
988 586 0.08 0.8 0 1 0 9 0.14 0
989 236 0.1 0.8 0 1 0 8 0.19 0
990 682 0.28 0.8 0 1 0 20 0.57 0
991 964 0.2 0.8 0 1 0 17 0.38 0
992 204 0.18 0.8 0 1 0 10 0.36 0
993 936 0.25 0.8 0 0 1 1 0.25 0
994 656 0.01 0.8 0 0 1 1 0.01 0
995 742 0.17 0.8 0 1 0 11 0.31 0
996 174 0.06 0.8 1 0 0 1 0.06 0
997 992 0.04 0.8 0 1 0 13 0.08 0
998 112 0.1 0.8 0 1 0 7 0.22 0
999 112 0.02 0.8 0 1 0 2 0.03 0